0 
1 
2 
3 
4 
5 
6 
7 
8 
9 
10 
11 
12 
13 
14 
15 
16 
17 
18 
19 
20 
21 199 205 48 101 
22 
23 250 192 55 127 
24 297 195 55 124 
25 342 196 49 122 526 166 19 45 
26 384 200 44 115 525 167 18 50 
27 520 165 18 53 
28 515 168 18 53 
29 
30 
31 
32 
33 488 171 22 61 
34 484 170 22 65 
35 477 172 24 65 
36 474 175 21 66 
37 464 176 25 66 
38 579 205 51 42 458 179 24 64 
39 449 179 28 72 
40 441 181 26 71 
41 430 184 27 71 
42 421 181 25 83 
43 403 187 33 84 
44 389 187 37 89 
45 378 189 32 94 
46 357 192 41 100 
47 346 195 33 101 
48 327 205 39 104 
49 304 203 41 106 
50 35 219 52 71 280 205 41 112 
51 48 211 44 95 253 214 53 120 
52 61 209 41 101 241 214 36 125 
53 64 206 45 102 206 223 59 128 
54 66 200 44 104 192 228 52 138 
55 67 198 44 108 176 237 55 147 
56 69 197 36 101 165 242 63 176 
57 63 195 37 105 140 251 64 173 
58 50 195 44 94 121 271 75 153 
59 56 194 25 72 100 274 72 154 
60 
61 
62 
63 
64 
65 
66 
67 
68 
69 
70 
71 
72 
73 
74 
75 
76 
77 
78 
79 
80 
81 
82 
83 591 201 48 42 
84 
85 
86 
87 
88 562 204 41 36 
89 
90 467 196 153 117 
91 
92 417 220 58 77 
93 367 221 61 79 
94 318 219 55 76 
95 262 219 55 71 
96 209 218 58 77 
97 170 216 52 72 
98 
99 
100 
101 
102 
103 
104 
105 
106 
107 
108 
109 
110 
111 
112 
113 
114 
115 
116 
117 
118 
119 416 217 31 53 
120 
121 
122 
123 317 229 53 98 
124 279 231 45 89 
125 243 231 52 81 
126 
127 
128 196 212 29 37 
129 
130 183 203 28 35 
131 
132 
133 
134 
135 
136 
137 
138 
139 210 203 24 88 
140 
141 
142 
143 
144 
145 
146 
147 
148 299 231 44 102 
149 312 234 48 97 
150 326 239 46 114 
151 337 247 54 76 
152 348 256 53 88 
153 358 263 61 123 
154 368 273 58 99 
155 
156 381 307 70 104 
157 369 323 74 102 
158 362 339 64 83 
159 307 376 62 47 331 368 86 55 
160 
161 
162 
163 
164 
165 
166 
167 
168 
169 
170 
171 
172 
173 
174 
175 
176 
177 
178 
179 
180 
181 
182 
183 
184 
185 
186 
187 
188 
189 
190 
191 
192 
193 
194 
195 
196 
197 
198 
199 
200 
201 
202 
203 
204 
205 
206 
207 
208 
209 
210 
211 
212 
213 
214 
215 
216 
217 486 238 47 77 
218 
219 
220 
221 545 213 32 59 
222 
223 
224 
225 
226 
227 
228 
229 
230 
231 447 175 88 99 
232 
233 493 184 71 63 
234 
235 
236 
237 
238 
239 
240 
241 424 213 170 165 
242 
243 
244 
245 
246 520 204 103 93 
247 528 205 98 83 
248 534 205 95 77 
249 
250 549 199 88 68 
251 553 201 83 65 
252 
253 
254 560 201 79 57 
255 562 201 79 55 
256 565 200 78 55 
257 
258 573 201 70 51 526 343 86 81 
259 535 303 116 120 
260 511 168 60 69 551 285 95 137 
261 501 167 60 76 570 274 80 147 
262 583 251 86 170 
263 468 168 83 98 590 248 76 172 
264 595 235 72 175 
265 602 224 65 165 
266 613 223 54 157 
267 320 210 161 164 611 214 56 141 
268 256 222 185 199 610 215 57 137 
269 621 207 48 134 
270 615 208 47 106 
271 616 208 46 96 
272 616 208 46 86 
273 618 207 41 86 
274 626 202 24 82 
275 625 207 24 72 
276 
277 627 204 25 61 
278 628 205 24 58 
279 634 207 24 51 
280 
281 
282 
283 
284 
285 
286 
287 
288 
289 
290 
291 
292 
293 
294 
295 
296 
297 
298 
299 
300 
301 
302 
303 
304 
305 
306 
307 
308 
309 532 169 21 66 
310 526 168 22 69 
311 521 175 26 63 
312 516 174 26 69 
313 510 177 27 67 
314 504 180 26 69 
315 493 178 36 76 
316 484 183 36 79 
317 477 181 32 85 
318 467 183 35 86 
319 458 185 37 86 
320 440 186 41 87 
321 432 190 42 92 
322 421 194 33 93 
323 399 197 38 93 
324 377 200 45 98 
325 352 197 42 99 
326 330 203 49 99 
327 312 199 36 104 
328 281 203 47 100 
329 259 206 53 96 
330 242 205 32 97 
331 217 210 50 88 
332 194 205 38 93 
333 170 206 41 80 
334 157 207 50 87 
335 138 201 37 83 
336 127 200 38 86 
337 115 200 39 72 
338 99 199 40 72 
339 88 199 40 70 
340 
341 
342 67 197 30 68 
343 61 196 27 67 
344 57 197 24 65 
345 
